bass_enable=false
bass_maxgain=5
compression_aggressiveness=800
compression_enable=false
compression_maxatk=30
compression_maxrel=200
convolver_enable=false
convolver_file=""
convolver_optimization_mode=0
convolver_waveform_edit="-80;-100;0;0;0;0"
crossfeed_bs2b_fcut=700
crossfeed_bs2b_feed=60
crossfeed_enable=false
crossfeed_mode=0
ddc_enable=false
ddc_file=""
graphiceq_enable=true
graphiceq_param="GraphicEQ: 20 -12.5; 21 -12.5; 22 -12.5; 23 -12.5; 24 -12.5; 26 -12.5; 27 -12.4; 29 -12.3; 30 -12.2; 32 -12.1; 34 -12; 36 -11.9; 38 -11.8; 40 -11.8; 43 -11.7; 45 -11.7; 48 -11.7; 50 -11.8; 53 -11.8; 56 -11.8; 59 -11.8; 63 -11.8; 66 -11.8; 70 -11.9; 74 -12.1; 78 -12.1; 83 -12.1; 87 -12.1; 92 -12.2; 97 -12.3; 103 -12.4; 109 -12.4; 115 -12.5; 121 -12.6; 128 -12.6; 136 -12.7; 143 -12.7; 151 -12.7; 160 -12.8; 169 -12.8; 178 -12.8; 188 -12.9; 199 -12.9; 210 -12.9; 222 -12.8; 235 -12.8; 248 -12.7; 262 -12.5; 277 -12.4; 292 -12.3; 309 -12.1; 326 -11.9; 345 -11.8; 364 -11.6; 385 -11.4; 406 -11.3; 429 -11.2; 453 -11; 479 -10.8; 506 -10.7; 534 -10.5; 565 -10.4; 596 -10.2; 630 -10.1; 665 -10; 703 -9.8; 743 -9.7; 784 -9.6; 829 -9.6; 875 -9.4; 924 -9.3; 977 -9.3; 1032 -9.5; 1090 -9.7; 1151 -10; 1216 -10.3; 1284 -10.5; 1357 -10.6; 1433 -10.7; 1514 -10.5; 1599 -10.4; 1689 -10.1; 1784 -9.8; 1885 -9.4; 1991 -9; 2103 -8.6; 2221 -8.2; 2347 -7.9; 2479 -7.6; 2618 -7.4; 2766 -7.3; 2921 -7.3; 3086 -7.4; 3260 -7.5; 3443 -7.7; 3637 -8; 3842 -8.4; 4058 -8.7; 4287 -9; 4528 -9.1; 4783 -9; 5052 -8.5; 5337 -7.8; 5637 -7; 5955 -6.4; 6290 -6.3; 6644 -7; 7018 -8.8; 7414 -12.9; 7831 -16.3; 8272 -14.5; 8738 -9; 9230 -5.3; 9749 -3.3; 10298 -2; 10878 -1; 11490 -0.2; 12137 -0.3; 12821 -2.3; 13543 -5; 14305 -6.5; 15110 -7.8; 15961 -11.3; 16860 -18.7; 17809 -23; 18812 -20.1; 19871 -10.7"
liveprog_enable=false
liveprog_file=""
master_enable=true
master_limrelease=60
master_limthreshold=0
master_postgain=0
reverb_bassboost=0.25000
reverb_decay=2.08000
reverb_delay=0.00000
reverb_enable=false
reverb_finaldry=-7.00000
reverb_finalwet=-9.00000
reverb_lfo_spin=0.70000
reverb_lfo_wander=0.30000
reverb_lpf_bass=600
reverb_lpf_damp=9000
reverb_lpf_input=18000
reverb_lpf_output=17000
reverb_osf=1
reverb_reflection_amount=0.30000
reverb_reflection_factor=1.00000
reverb_reflection_width=0.70000
reverb_wet=-8.00000
reverb_width=1.00000
stereowide_enable=false
stereowide_level=60
tone_enable=false
tone_eq="25.0;40.0;63.0;100.0;160.0;250.0;400.0;630.0;1000.0;1600.0;2500.0;4000.0;6300.0;10000.0;16000.0;0;0;0;0;0;0;0;0;0;0;0;0;0;0;0"
tone_filtertype=0
tone_interpolation=0
tube_enable=false
tube_pregain=200
